-1
0
-1
-1
-1
1
1
2
-1
3
4
-1
5
6
7
-1
-1
-1
8
9
10
-1
-1
11
-1
-1
-1
-1
12
-1
-1
-1
-1
-1
-1
-1
34
13
14
-1
-1
-1
-1
-1
-1
15
16
17
18
-1
19
19
19
-1
20
21
21
22
22
-1
-1
-1
23
-1
24
-1
-1
-1
-1
-1
13
13
-1
-1
25
22
40
-1
26
27
-1
28
-1
29
-1
-1
8
30
8
10
23
24
24
-1
-1
-1
-1
-1
-1
-1
-1
-1
31
32
4
25
52
22
22
-1
-1
33
-1
-1
-1
-1
34
-1
-1
-1
-1
-1
23
-1
-1
-1
-1
35
0
-1
-1
-1
1
14
-1
2
-1
-1
-1
-1
-1
22
-1
27
16
36
-1
19
-1
-1
37
0
-1
38
-1
39
-1
-1
-1
-1
-1
-1
-1
-1
-1
-1
-1
-1
22
40
-1
7
29
-1
9
-1
-1
-1
-1
-1
35
38
1
-1
-1
-1
-1
41
-1
-1
42
43
-1
44
45
-1
26
36
33
6
6
-1
7
46
21
22
8
10
10
-1
-1
12
12
-1
-1
38
-1
-1
-1
-1
-1
22
22
22
18
-1
6
47
-1
7
46
34
39
-1
-1
-1
-1
-1
24
-1
-1
38
-1
-1
-1
-1
32
-1
48
49
44
-1
-1
50
50
40
51
-1
20
22
8
10
-1
-1
-1
-1
-1
34
-1
-1
-1
-1
-1
-1
-1
-1
4
52
-1
53
52
15
-1
22
17
-1
26
47
7
-1
-1
-1
46
20
-1
0
37
37
37
-1
-1
-1
-1
-1
-1
-1
0
13
-1
-1
-1
-1
-1
41
-1
42
3
-1
22
-1
7
6
8
34
-1
39
13
-1
-1
-1
-1
-1
23
-1
-1
-1
34
11
-1
-1
-1
4
49
-1
26
-1
28
6
-1
42
48
21
-1
10
12
54
-1
-1
-1
55
11
-1
38
-1
-1
-1
48
-1
-1
16
22
-1
42
56
45
45
40
26
-1
-1
-1
-1
-1
-1
37
-1
-1
-1
-1
-1
-1
-1
-1
-1
-1
-1
-1
-1
-1
43
49
-1
-1
-1
-1
-1
-1
-1
-1
-1
-1
14
-1
-1
32
4
-1
-1
-1
-1
57
17
-1
-1
22
12
-1
-1
55
35
-1
-1
-1
1
-1
-1
32
56
45
45
-1
16
-1
50
-1
36
58
-1
-1
30
34
-1
-1
12
-1
-1
-1
-1
-1
14
-1
-1
-1
-1
-1
-1
53
-1
17
50
-1
-1
46
-1
30
-1
39
-1
-1
-1
-1
-1
-1
-1
23
24
-1
-1
-1
-1
-1
-1
3
43
25
25
-1
22
22
-1
-1
36
19
48
21
22
8
39
-1
-1
-1
-1
-1
-1
-1
-1
-1
-1
-1
55
39
35
-1
-1
-1
1
-1
-1
-1
-1
-1
-1
40
42
-1
-1
19
-1
-1
58
-1
-1
-1
22
-1
38
-1
-1
23
23
-1
-1
-1
35
-1
-1
-1
-1
-1
-1
-1
49
-1
-1
-1
22
-1
28
22
6
-1
21
8
37
-1
-1
-1
-1
-1
-1
-1
-1
55
35
-1
-1
38
-1
31
-1
52
49
44
26
-1
-1
-1
-1
51
-1
58
29
48
30
-1
-1
23
-1
-1
-1
-1
13
14
-1
-1
-1
-1
-1
-1
-1
-1
49
53
-1
-1
-1
-1
-1
-1
-1
-1
7
51
-1
22
22
-1
39
-1
-1
-1
-1
-1
-1
-1
-1
-1
-1
-1
-1
-1
13
0
-1
-1
-1
2
-1
-1
43
-1
27
-1
-1
47
19
7
42
22
22
-1
-1
23
-1
-1
-1
-1
-1
-1
-1
-1
-1
-1
-1
-1
2
3
-1
15
18
18
22
-1
-1
27
-1
-1
50
-1
7
22
22
-1
9
-1
-1
-1
-1
-1
-1
-1
-1
-1
23
-1
-1
-1
-1
-1
0
-1
-1
-1
-1
-1
41
-1
32
59
-1
22
-1
50
50
-1
7
7
-1
-1
20
-1
-1
-1
-1
-1
-1
23
-1
0
0
11
-1
-1
38
-1
-1
-1
42
-1
59
49
53
22
44
44
-1
-1
-1
5
-1
-1
40
-1
-1
21
22
30
0
-1
-1
-1
-1
23
54
-1
-1
-1
-1
0
0
-1
1
-1
-1
-1
-1
-1
41
42
22
-1
-1
36
46
20
21
22
-1
9
-1
23
23
-1
12
-1
-1
-1
-1
13
55
-1
-1
-1
-1
-1
-1
41
-1
-1
32
-1
53
-1
-1
-1
-1
-1
-1
19
58
7
29
-1
39
-1
-1
-1
23
54
-1
-1
0
-1
-1
-1
-1
-1
2
-1
42
3
-1
56
-1
-1
36
-1
47
25
22
0
-1
34
-1
-1
-1
-1
-1
-1
-1
-1
-1
32
-1
-1
-1
6
51
7
10
-1
23
23
23
-1
-1
-1
-1
-1
-1
4
-1
-1
59
49
-1
15
22
22
-1
56
56
-1
-1
19
-1
33
6
40
-1
-1
46
20
21
22
34
-1
-1
-1
-1
35
-1
-1
-1
-1
-1
-1
41
22
-1
42
32
-1
57
-1
22
-1
18
40
-1
-1
27
-1
36
19
19
7
29
-1
15
22
37
-1
10
-1
-1
-1
-1
-1
-1
-1
42
48
31
-1
44
22
42
17
-1
22
20
48
21
8
-1
9
34
37
-1
-1
-1
23
23
-1
-1
24
-1
-1
-1
-1
-1
-1
59
-1
57
-1
42
-1
-1
-1
-1
-1
5
6
51
-1
20
-1
-1
10
23
-1
-1
34
-1
-1
38
-1
-1
-1
-1
25
-1
59
44
22
-1
5
-1
19
58
-1
-1
-1
-1
-1
-1
-1
-1
-1
-1
-1
13
-1
-1
-1
-1
48
-1
16
-1
22
56
42
-1
28
5
19
6
7
22
22
8
8
-1
-1
-1
-1
-1
11
-1
1
-1
-1
-1
-1
-1
49
-1
-1
44
-1
-1
18
45
-1
-1
28
47
6
-1
29
-1
21
8
-1
-1
-1
-1
-1
23
54
-1
-1
-1
-1
55
14
-1
41
-1
43
15
-1
57
-1
22
56
-1
42
-1
27
-1
50
-1
50
-1
7
51
7
-1
-1
21
-1
-1
-1
-1
23
54
-1
-1
-1
-1
13
-1
35
-1
-1
-1
-1
1
-1
-1
-1
-1
-1
-1
-1
32
48
52
22
40
-1
42
42
5
-1
50
51
-1
58
7
-1
-1
-1
-1
-1
23
-1
-1
-1
-1
-1
2
41
41
31
31
43
15
22
-1
57
-1
5
-1
50
19
33
33
-1
-1
20
-1
-1
9
-1
-1
-1
-1
